00000.jpg;754;556;860;646;1
00000.jpg;882;572;920;606;1
00000.jpg;926;508;948;542;4
00000.jpg;1034;566;1098;606;1
00000.jpg;1402;510;1468;672;3
00001.jpg;754;556;874;644;1
00001.jpg;882;568;920;602;1
00001.jpg;926;506;948;540;4
00001.jpg;1036;566;1100;606;1
00002.jpg;546;516;568;550;4
00002.jpg;584;568;638;606;5
00002.jpg;664;562;750;630;1
00002.jpg;740;466;758;502;4
00002.jpg;746;556;800;600;1
00002.jpg;752;562;798;592;1
00002.jpg;816;460;836;494;4
00002.jpg;818;456;842;494;4
00002.jpg;858;542;908;602;5
00002.jpg;966;478;998;518;4
00002.jpg;1060;542;1224;596;1
00003.jpg;498;570;552;608;5
00003.jpg;528;512;550;546;4
00003.jpg;652;560;738;628;1
00003.jpg;728;460;746;496;4
00003.jpg;736;560;790;604;1
00003.jpg;740;558;786;588;1
00003.jpg;810;452;830;486;4
00003.jpg;812;448;836;486;4
00003.jpg;970;474;1002;514;4
00003.jpg;1072;532;1200;598;1
00003.jpg;1100;548;1134;640;3
00004.jpg;754;556;860;646;1
00004.jpg;882;572;920;606;1
00004.jpg;926;508;948;542;4
00004.jpg;1034;566;1098;606;1
00004.jpg;1402;510;1468;672;3
00005.jpg;754;556;874;644;1
00005.jpg;882;568;920;602;1
00005.jpg;926;506;948;540;4
00005.jpg;1036;566;1100;606;1
00006.jpg;546;516;568;550;4
00006.jpg;584;568;638;606;5
00006.jpg;664;562;750;630;1
00006.jpg;740;466;758;502;4
00006.jpg;746;556;800;600;1
00006.jpg;752;562;798;592;1
00006.jpg;816;460;836;494;4
00006.jpg;818;456;842;494;4
00006.jpg;858;542;908;602;5
00006.jpg;966;478;998;518;4
00006.jpg;1060;542;1224;596;1
00007.jpg;498;570;552;608;5
00007.jpg;528;512;550;546;4
00007.jpg;652;560;738;628;1
00007.jpg;728;460;746;496;4
00007.jpg;736;560;790;604;1
00007.jpg;740;558;786;588;1
00007.jpg;810;452;830;486;4
00007.jpg;812;448;836;486;4
00007.jpg;970;474;1002;514;4
00007.jpg;1072;532;1200;598;1
00007.jpg;1100;548;1134;640;3
00008.jpg;754;556;860;646;1
00008.jpg;882;572;920;606;1
00008.jpg;926;508;948;542;4
00008.jpg;1034;566;1098;606;1
00008.jpg;1402;510;1468;672;3
00009.jpg;754;556;874;644;1
00009.jpg;882;568;920;602;1
00009.jpg;926;506;948;540;4
00009.jpg;1036;566;1100;606;1
00010.jpg;546;516;568;550;4
00010.jpg;584;568;638;606;5
00010.jpg;664;562;750;630;1
00010.jpg;740;466;758;502;4
00010.jpg;746;556;800;600;1
00010.jpg;752;562;798;592;1
00010.jpg;816;460;836;494;4
00010.jpg;818;456;842;494;4
00010.jpg;858;542;908;602;5
00010.jpg;966;478;998;518;4
00010.jpg;1060;542;1224;596;1
00011.jpg;498;570;552;608;5
00011.jpg;528;512;550;546;4
00011.jpg;652;560;738;628;1
00011.jpg;728;460;746;496;4
00011.jpg;736;560;790;604;1
00011.jpg;740;558;786;588;1
00011.jpg;810;452;830;486;4
00011.jpg;812;448;836;486;4
00011.jpg;970;474;1002;514;4
00011.jpg;1072;532;1200;598;1
00011.jpg;1100;548;1134;640;3